31      0  24
31      0   2
30      0   0
23      0  -4
23      0  -3
9       0   0
32      0  21
23      0  -4
23      0  -3
12      0   0
32      0  16
23      0  -4
23      0  -3
4       0   0
27      0  -4
31      0  20
23      0  -3
23      0  -4
4       0   0
27      0  -3
31      0   3
23      0  -4
27      0  -5
1       0   0
30      0   2
25      0   1
17      0   0
25      0   2
17      0   0
30      0   1
23      0   1
23      0   2
29      0   2
30      0  -2
19      0   0
0       0   0
